c0t0.totalInsts=2660847276
c0t1.totalInsts=0
c1t0.totalInsts=0
c1t1.totalInsts=0
title=mst_baseline_4000-C2T2-L1I_32KB_Assoc4-L2_32KB_Assoc4-L2_96KB_Assoc8_LRU/checkpointedSimulation/phase0
duration=0:32:51.608
totalCycles=2660847276
totalInsts=2660847276
instsPerCycle=1.0
cyclesPerSecond=1349998.6179604263
instsPerSecond=1349998.6179604263
experiment.beginTime=2012/06/27 22:18:24
experiment.workloads.size=1
experiment.workload.0=mst.mips_4000
