c0t0.totalInsts=2661652787
c0t1.totalInsts=855
c1t0.totalInsts=97
c1t1.totalInsts=0
duration=0:17:57.130
totalCycles=2661653451
totalInsts=2661653739
instsPerCycle=1.0000001082034176
cyclesPerSecond=2471358.8217270193
instsPerSecond=2471359.08913649
experiment.beginTime=2012/06/20 23:55:53
experiment.workloads.size=1
experiment.workload.0=mst.mips_4000
