c0t0.totalInsts=2661652787
c0t1.totalInsts=855
c1t0.totalInsts=97
c1t1.totalInsts=0
title=mst_ht_4000-lookahead_640-stride_320-C2T2-L1I_32KB_Assoc2-L2_32KB_Assoc2-L2_96KB_Assoc4_LRU/checkpointedSimulation/phase0
duration=0:17:04.879
totalCycles=2661653451
totalInsts=2661653739
instsPerCycle=1.0000001082034176
cyclesPerSecond=2599270.9482421875
instsPerSecond=2599271.2294921875
experiment.beginTime=2012/06/27 22:14:17
experiment.workloads.size=1
experiment.workload.0=mst.mips_4000
