c0t0.totalInsts=2661652787
c0t1.totalInsts=855
c1t0.totalInsts=97
c1t1.totalInsts=0
title=mst_ht_4000-lookahead_20-stride_10-C2T2-L1I_32KB_Assoc4-L2_32KB_Assoc4-L2_256KB_Assoc8_LRU/checkpointedSimulation/phase0
duration=0:16:39.507
totalCycles=2661653451
totalInsts=2661653739
instsPerCycle=1.0000001082034176
cyclesPerSecond=2664317.7687687688
instsPerSecond=2664318.057057057
experiment.beginTime=2012/06/27 14:22:07
experiment.workloads.size=1
experiment.workload.0=mst.mips_4000
