c0t0.totalInsts=200432176
c0t1.totalInsts=0
c1t0.totalInsts=0
c1t1.totalInsts=0
simulation.duration=00:06:34.566
simulation.totalCycles=200432176
simulation.totalInsts=200432176
simulation.instsPerCycle=1.0
simulation.cyclesPerSecond=508711.1065989848
simulation.instsPerSecond=508711.1065989848
experiment.beginTime=20111108_17-28-36
experiment.workload=Olden_Custom1.mst_baseline_mips(1000)
