c0t0.totalInsts=802425781
c0t1.totalInsts=0
c1t0.totalInsts=0
c1t1.totalInsts=0
simulation.duration=00:16:27.87
simulation.totalCycles=802425781
simulation.totalInsts=802425781
simulation.instsPerCycle=1.0
simulation.cyclesPerSecond=812994.7122593719
simulation.instsPerSecond=812994.7122593719
experiment.beginTime=2011/11/08 20:50:21
experiment.workload=Olden_Custom1.mst_baseline_mips(2000)
