c0t0.totalInsts=200432176
c0t1.totalInsts=0
c1t0.totalInsts=0
c1t1.totalInsts=0
simulation.duration=00:03:55.282
simulation.totalCycles=200432176
simulation.totalInsts=200432176
simulation.instsPerCycle=1.0
simulation.cyclesPerSecond=852902.8765957446
simulation.instsPerSecond=852902.8765957446
experiment.beginTime=20111108_19-27-40
experiment.workload=Olden_Custom1.mst_baseline_mips(1000)
