c0t0.totalInsts=200432176
c0t1.totalInsts=0
c1t0.totalInsts=0
c1t1.totalInsts=0
simulation.duration=00:03:59.613
simulation.totalCycles=200432176
simulation.totalInsts=200432176
simulation.instsPerCycle=1.0
simulation.cyclesPerSecond=838628.3514644351
simulation.instsPerSecond=838628.3514644351
experiment.beginTime=2011/11/08 19:49:19
experiment.workload=Olden_Custom1.mst_baseline_mips(1000)
