c0t0.totalInsts=2661652787
c0t1.totalInsts=855
c1t0.totalInsts=97
c1t1.totalInsts=0
duration=0:18:18.732
totalCycles=2661653451
totalInsts=2661653739
instsPerCycle=1.0000001082034176
cyclesPerSecond=2424092.3961748634
instsPerSecond=2424092.658469945
experiment.beginTime=2012/06/20 23:52:34
experiment.workloads.size=1
experiment.workload.0=mst.mips_4000
